"value_MLO" "value_unc_MLO" "nvalue_MLO" "value_BRW" "value_unc_BRW" "nvalue_BRW" "value_SMO" "value_unc_SMO" "nvalue_SMO" "value_SPO" "value_unc_SPO" "nvalue_SPO" "date_time"
NA NA NA NA NA 0 NA NA NA NA NA NA 1973-01-01
NA NA NA NA NA 0 NA NA NA NA NA NA 1973-02-01
NA NA NA NA NA 0 NA NA NA NA NA NA 1973-03-01
NA NA NA NA NA 0 NA NA NA NA NA NA 1973-04-01
NA NA NA NA NA 0 NA NA NA NA NA NA 1973-05-01
NA NA NA NA NA 0 NA NA NA NA NA NA 1973-06-01
NA NA NA 324.433 1.354 7 NA NA NA NA NA NA 1973-07-01
NA NA NA 322.734 0.713 30 NA NA NA NA NA NA 1973-08-01
NA NA NA 324.617 1.374 25 NA NA NA NA NA NA 1973-09-01
NA NA NA 329.533 2.366 30 NA NA NA NA NA NA 1973-10-01
NA NA NA 333.679 0.694 29 NA NA NA NA NA NA 1973-11-01
NA NA NA 334.631 1.663 30 NA NA NA NA NA NA 1973-12-01
NA NA 0 338.292 1.526 22 NA NA NA NA NA NA 1974-01-01
NA NA 0 336.823 0.785 20 NA NA NA NA NA NA 1974-02-01
NA NA 0 337.486 0.338 29 NA NA NA NA NA NA 1974-03-01
NA NA 0 337.903 0.298 16 NA NA NA NA NA NA 1974-04-01
333.157 0.286 15 337.717 0.255 29 NA NA NA NA NA NA 1974-05-01
332.059 0.317 27 336.759 0.792 30 NA NA NA NA NA NA 1974-06-01
330.988 0.505 31 330.936 4.012 27 NA NA NA NA NA NA 1974-07-01
329.165 0.659 31 324.748 2.86 26 NA NA NA NA NA NA 1974-08-01
327.407 0.548 29 325.627 2.17 22 NA NA NA NA NA NA 1974-09-01
327.201 0.314 29 329.906 1.71 28 NA NA NA NA NA NA 1974-10-01
328.325 0.401 29 332.864 0.754 29 NA NA NA NA NA NA 1974-11-01
329.501 0.463 31 336.081 1.506 31 NA NA NA NA NA NA 1974-12-01
330.683 0.491 31 337.59 0.644 29 NA NA NA NA NA 0 1975-01-01
331.409 0.407 28 337.933 1.72 14 NA NA NA NA NA 0 1975-02-01
331.846 0.243 26 338.011 0.393 26 NA NA NA NA NA 0 1975-03-01
333.289 0.472 30 338.584 0.295 30 NA NA NA NA NA 0 1975-04-01
333.912 0.353 30 338.948 0.703 11 NA NA NA NA NA 0 1975-05-01
333.398 0.434 29 336.142 0.888 29 NA NA NA NA NA 0 1975-06-01
331.783 0.801 27 329.457 1.575 21 NA NA NA NA NA 0 1975-07-01
329.877 0.946 31 323.919 1.9 24 NA NA NA NA NA 0 1975-08-01
328.566 0.703 30 324.344 1.459 29 NA NA NA NA NA 0 1975-09-01
328.465 0.336 17 328.627 1.437 29 NA NA NA NA NA 0 1975-10-01
329.255 0.435 25 333.938 1.321 27 NA NA NA 329.894 0.087 6 1975-11-01
329.685 0 1 335.847 0.742 30 NA NA NA 329.731 0.085 31 1975-12-01
331.713 0.398 25 336.466 1.223 26 332.459 0.842 28 329.445 0.083 31 1976-01-01
332.765 0.514 29 336.117 0.494 12 331.836 0.343 27 329.211 0.134 29 1976-02-01
333.485 0.954 29 337.216 0.579 13 331.273 0.269 31 329.061 0.125 31 1976-03-01
334.776 0.439 25 337.447 0.472 9 331.245 0.498 28 329.038 0.042 30 1976-04-01
334.785 0.59 31 337.238 0.408 29 330.66 0.647 26 329.098 0.053 31 1976-05-01
334.167 0.376 25 336.177 0.34 28 331.283 0.654 26 329.328 0.122 30 1976-06-01
332.776 0.629 21 330.586 3.069 29 331.166 0.595 29 329.691 0.114 31 1976-07-01
330.642 0.834 31 323.647 1.285 27 331.134 0.23 31 330.131 0.132 31 1976-08-01
328.952 0.882 28 324.982 1.326 29 331.252 0.136 30 330.486 0.103 30 1976-09-01
328.766 0.554 30 329.691 1.923 27 331.438 0.26 31 330.518 0.067 31 1976-10-01
330.233 0.418 26 333.935 1.347 29 331.937 0.218 30 330.61 0.239 29 1976-11-01
331.688 0.623 24 336.711 0.778 30 331.786 0.413 28 330.641 0.109 23 1976-12-01
332.696 0.434 29 336.868 0.786 31 331.734 0.275 30 330.288 0.12 28 1977-01-01
333.237 0.317 26 336.953 0.726 25 331.905 0.388 27 331.126 0.343 21 1977-02-01
334.964 0.537 29 338.321 0.888 30 331.95 0.737 28 330.947 0.066 31 1977-03-01
336.037 0.332 29 339.144 0.5 30 331.885 0.873 26 331.006 0.049 30 1977-04-01
336.82 0.223 30 339.388 0.352 30 332.715 0.817 21 331.126 0.093 28 1977-05-01
336.126 0.306 25 337.719 0.687 29 333.696 0.594 26 331.356 0.081 24 1977-06-01
334.729 0.553 28 330.093 3.257 30 333.262 0.332 29 331.626 0.092 31 1977-07-01
332.518 0.559 30 325.755 1.028 22 332.992 0.266 31 331.98 0.076 31 1977-08-01
331.19 0.478 27 326.949 1.155 24 332.853 0.277 12 332.328 0.103 30 1977-09-01
331.193 0.356 30 332.056 1.572 29 333.341 0.742 17 332.627 0.122 31 1977-10-01
332.353 0.384 28 334.78 1.959 30 NA NA 0 332.595 0.104 30 1977-11-01
333.475 0.474 31 338.652 0.946 29 NA NA 0 332.302 0.098 31 1977-12-01
335.108 0.708 26 339.154 0.631 29 NA NA 0 332.059 0.07 31 1978-01-01
335.261 0.457 28 340.038 0.676 27 334.493 0.996 18 331.922 0.084 28 1978-02-01
336.598 0.712 30 341.477 0.906 30 335.097 0.703 30 331.939 0.117 31 1978-03-01
337.769 0.374 28 340.953 0.391 30 335.355 0.78 30 332.301 0.166 30 1978-04-01
338.003 0.381 30 340.772 0.251 31 335.072 0.643 30 332.847 0.152 31 1978-05-01
337.994 0.417 27 339.448 1.26 27 335.191 0.582 24 333.411 0.147 30 1978-06-01
336.481 0.658 31 332.587 2.114 27 334.934 0.344 31 333.813 0.12 31 1978-07-01
334.372 0.64 31 327.919 1.235 22 335.593 0.326 28 334.399 0.216 31 1978-08-01
332.268 0.782 24 328.545 1.675 27 335.479 0.224 20 334.696 0.069 30 1978-09-01
332.405 0.51 31 332.387 2.98 24 NA NA 0 334.702 0.081 31 1978-10-01
333.759 0.326 28 338.787 0.99 29 NA NA 0 334.531 0.076 19 1978-11-01
334.828 0.376 31 339.423 0.854 29 NA NA 0 NA NA 0 1978-12-01
336.212 0.844 31 340.2 1.08 30 NA NA 0 NA NA 0 1979-01-01
336.637 0.286 27 341.236 0.693 28 336.128 0.644 19 NA NA 0 1979-02-01
338.122 0.942 29 342.493 0.526 31 335.909 0.566 27 NA NA 0 1979-03-01
339.024 0.487 24 342.348 0.455 30 336.33 0.536 28 NA NA 0 1979-04-01
339.018 0.638 20 342.844 0.295 31 335.925 0.717 22 NA NA 0 1979-05-01
339.196 0.471 30 341.958 1.114 29 336.054 0.456 30 NA NA 0 1979-06-01
337.578 0.803 29 333.022 3.75 27 336.241 0.515 29 NA NA 0 1979-07-01
335.55 1.024 29 327.813 0.623 30 336.28 0.405 30 NA NA 0 1979-08-01
333.891 0.65 26 330.205 3.694 26 336.315 0.184 30 NA NA 0 1979-09-01
334.141 0.277 28 333.418 1.56 31 336.603 0.149 31 NA NA 0 1979-10-01
335.264 0.539 30 338.006 1.378 29 336.666 0.293 30 NA NA 0 1979-11-01
336.708 0.402 24 341.357 1.293 28 336.839 0.309 29 NA NA 0 1979-12-01
337.81 0.44 30 341.84 0.42 30 337.47 0.28 30 336.14 0.1 31 1980-01-01
338.29 0.43 28 342.43 0.61 28 337.52 0.47 29 335.95 0.1 29 1980-02-01
340.04 0.65 31 343.39 0.78 30 337.91 0.49 31 336.02 0.08 31 1980-03-01
340.86 0.3 30 343.33 0.1 3 337.41 0.82 30 336.22 0.09 30 1980-04-01
341.47 0.38 31 343.31 0.49 22 337.83 0.54 30 336.58 0.08 31 1980-05-01
341.26 0.54 30 342.76 1.16 27 337.94 0.4 30 336.92 0.23 30 1980-06-01
339.29 0.73 26 337.2 1.71 29 338.31 0.36 30 337.37 0.06 31 1980-07-01
337.6 0.74 24 332.08 1.22 26 338.26 0.26 30 337.65 0.09 31 1980-08-01
336.12 0.68 26 331.43 0.89 13 338.19 0.11 30 337.89 0.08 30 1980-09-01
336.08 0.39 29 337.1 1.99 24 338.1 0.14 31 338.08 0.06 31 1980-10-01
337.22 0.34 27 340.53 0.61 30 338.53 0.19 29 338.02 0.06 30 1980-11-01
338.34 0.38 27 343.57 1 30 338.76 0.19 27 338.1 0.09 26 1980-12-01
339.36 0.43 31 344.32 0.75 30 338.85 0.34 29 337.85 0.2 31 1981-01-01
340.51 0.76 28 345.75 0.88 26 339.15 0.62 26 337.81 0.09 28 1981-02-01
341.57 0.73 31 344.73 0.55 31 338.57 1.14 24 337.89 0.06 31 1981-03-01
342.56 0.28 30 345.87 0.64 29 339.28 0.74 26 337.91 0.04 30 1981-04-01
343.01 0.14 31 346.91 0.53 31 338.77 0.73 29 338.06 0.08 31 1981-05-01
342.45 0.46 28 344.53 1.2 28 339.26 0.46 28 338.34 0.12 30 1981-06-01
340.68 0.61 31 336.81 3.72 29 339.1 0.31 31 338.75 0.14 31 1981-07-01
338.55 0.8 28 332.11 0.76 27 339.23 0.27 31 338.95 0.09 31 1981-08-01
336.92 0.63 30 334.02 1.56 28 339.22 0.35 30 339.2 0.11 30 1981-09-01
337.12 0.6 31 339.39 2.17 30 338.97 0.22 31 339.1 0.1 28 1981-10-01
338.59 0.71 30 342.77 1.33 29 339.41 0.25 30 338.91 0.07 28 1981-11-01
339.87 0.39 28 345.07 0.56 28 339.79 0.22 30 338.61 0.23 22 1981-12-01
340.93 0.46 30 345.85 0.71 20 340.34 0.33 31 339.21 0.05 13 1982-01-01
341.69 0.46 27 348.14 1.72 22 340.32 0.52 27 339.17 0.04 28 1982-02-01
342.69 0.36 21 348.4 0.86 31 340.37 0.28 21 339.12 0.05 31 1982-03-01
343.87 0.77 9 348.28 0.36 28 340.03 0.21 5 339.31 0.09 30 1982-04-01
344.67 0.35 31 348.18 0.37 29 339.91 0.38 15 339.62 0.07 31 1982-05-01
343.79 0.34 29 345.93 1.44 29 339.99 0.81 28 339.65 0.05 22 1982-06-01
342.33 0.55 28 339.49 1.67 26 340.5 0.48 31 340.04 0.08 11 1982-07-01
340.15 0.89 27 332.69 1.1 26 340.51 0.4 31 340.36 0.15 31 1982-08-01
338.29 0.89 26 333.04 1.24 23 340.25 0.31 30 340.66 0.05 30 1982-09-01
338.4 0.69 30 338.12 1.71 29 340.17 0.3 28 340.63 0.09 30 1982-10-01
339.5 0.65 28 342.16 1.18 30 340.35 0.34 30 340.42 0.12 30 1982-11-01
340.88 0.54 31 344.55 1.07 31 340.38 0.26 29 340.04 0.19 31 1982-12-01
341.64 0.41 31 347.33 0.84 30 340.48 0.37 29 339.78 0.06 31 1983-01-01
342.88 0.43 27 346.85 1.09 27 340.69 0.29 27 339.71 0.06 28 1983-02-01
343.58 1.15 30 348.25 0.81 28 340.94 0.59 31 339.79 0.06 31 1983-03-01
345.28 0.56 26 348.29 0.36 29 340.81 0.24 30 340.16 0.12 28 1983-04-01
345.96 0.4 29 348.47 0.3 31 341.35 0.33 31 NA NA 0 1983-05-01
345.55 0.51 25 347.1 1.31 30 341.85 0.41 30 341.03 0.05 13 1983-06-01
344.14 0.88 30 340.73 2.56 30 342.1 0.31 31 341.28 0.16 31 1983-07-01
342.22 0.74 28 333.64 1.38 30 342.2 0.17 31 341.95 0.16 31 1983-08-01
340.17 0.44 27 335.14 2.12 26 342.23 0.2 30 342.12 0.06 30 1983-09-01
340.3 0.34 31 340.41 1.71 26 342.34 0.2 30 342.24 0.08 31 1983-10-01
341.51 0.44 29 346.68 1.05 29 342.67 0.14 28 342.31 0.06 30 1983-11-01
343.12 0.58 26 346.97 1.89 25 342.86 0.2 30 342.21 0.07 26 1983-12-01
344.05 0.34 31 350.66 1.41 19 343.38 0.29 29 342.05 0.13 29 1984-01-01
344.78 0.26 29 351.11 0.75 28 343.65 0.38 29 342 0.06 29 1984-02-01
345.38 0.39 23 350.21 0.46 28 343.66 1.12 25 341.79 0.11 31 1984-03-01
347.27 0.11 2 349.98 0.19 30 343.84 0.87 30 341.87 0.07 30 1984-04-01
347.54 0.45 27 350.88 0.39 30 342.64 0.36 31 342.03 0.06 31 1984-05-01
346.92 0.4 25 348.48 1.14 30 342.86 0.22 29 342.23 0.08 28 1984-06-01
345.59 0.64 29 341.9 2.76 29 343.35 0.54 31 342.65 0.18 31 1984-07-01
343.17 1.11 24 335.87 1.13 23 343.48 0.16 31 343.19 0.17 31 1984-08-01
341.33 0.79 27 338.45 2.56 26 343.54 0.18 30 343.5 0.06 30 1984-09-01
341.66 0.37 28 342.14 2.18 29 343.55 0.22 31 343.66 0.05 31 1984-10-01
343.02 0.58 28 345.11 0.2 29 343.62 0.26 30 343.5 0.12 25 1984-11-01
344.59 0.4 28 348.72 1.36 30 344.25 0.24 29 343.28 0.1 14 1984-12-01
345.26 0.28 29 349.93 0.75 31 344.22 0.7 29 343.17 0.09 19 1985-01-01
346.06 0.41 26 349.59 0.51 28 344.68 0.28 28 343.01 0.13 28 1985-02-01
347.67 0.58 28 350.66 0.45 30 344.71 0.63 31 342.89 0.08 31 1985-03-01
348.18 0.49 27 351.68 0.44 29 344.61 0.67 30 343.05 0.12 27 1985-04-01
348.92 0.53 31 352.64 0.47 31 344.9 1.16 29 343.37 0.11 31 1985-05-01
348.4 0.58 30 350.14 0.91 30 344.54 0.68 29 343.71 0.12 29 1985-06-01
346.71 0.63 28 343.88 2.17 28 344.98 0.43 31 344.2 0.2 31 1985-07-01
344.78 0.63 27 338 0.7 29 345.01 0.35 30 344.68 0.1 31 1985-08-01
343.19 0.86 27 337.59 0.68 27 344.54 0.14 29 344.92 0.12 30 1985-09-01
343.09 0.52 27 343.09 1.65 27 344.49 0.2 31 344.95 0.12 31 1985-10-01
344.42 0.66 29 347.18 1.04 24 344.75 0.16 30 345 0.11 30 1985-11-01
345.83 0.6 29 349.23 1.93 30 345.24 0.24 31 344.75 0.09 31 1985-12-01
346.56 0.26 26 350.19 0.71 31 345.76 0.47 28 344.71 0.04 31 1986-01-01
347.13 0.45 26 351.74 0.58 27 345.96 0.61 25 344.61 0.07 28 1986-02-01
348.05 1.07 31 353.68 1 28 345.85 0.41 25 344.54 0.07 30 1986-03-01
349.77 0.54 30 353.14 0.36 30 346.02 0.85 27 344.58 0.08 30 1986-04-01
350.53 0.27 30 353.48 0.39 31 345.74 0.72 28 344.78 0.08 31 1986-05-01
349.92 0.44 24 351.77 1.42 30 346.54 0.48 27 345.07 0.12 30 1986-06-01
348.16 0.62 26 344.67 2.72 24 346.35 0.7 26 345.53 0.17 30 1986-07-01
346.06 0.52 29 339.37 1.41 30 345.92 0.18 30 345.91 0.07 31 1986-08-01
344.97 0.61 25 341.66 2.72 24 346.18 0.2 30 346.19 0.09 30 1986-09-01
344.46 0.42 30 344.53 1.77 23 346.26 0.21 31 346.41 0.13 31 1986-10-01
345.86 0.41 30 348.74 1.15 30 346.25 0.25 30 346.15 0.12 28 1986-11-01
347.14 0.31 30 351 1.07 30 346.41 0.31 30 345.96 0.07 30 1986-12-01
348.37 0.53 30 352.43 0.84 27 346.77 0.57 29 345.89 0.07 31 1987-01-01
348.7 0.52 28 352.85 0.53 28 347.16 0.63 26 345.74 0.08 28 1987-02-01
349.68 0.64 27 354.12 0.81 31 346.93 0.53 23 345.71 0.06 31 1987-03-01
351.32 0.56 30 354.09 0.46 26 346.55 0.63 30 345.87 0.07 30 1987-04-01
352.14 0.34 31 354.63 0.57 31 348.04 1.08 31 346.08 0.18 31 1987-05-01
351.63 0.36 29 352.35 1.15 30 348.03 0.77 25 346.61 0.17 30 1987-06-01
349.96 0.57 28 346.83 2.82 30 348.42 0.75 31 347.1 0.08 31 1987-07-01
347.82 1.06 27 340.61 1.38 29 347.93 0.22 18 347.63 0.2 31 1987-08-01
346.53 0.61 29 340.46 0.97 28 348.12 0.17 27 348.09 0.11 29 1987-09-01
346.66 0.48 30 348.3 4.5 22 348.23 0.17 28 348.29 0.06 31 1987-10-01
347.91 0.62 27 349.75 1.23 30 348.44 0.2 30 348.35 0.06 27 1987-11-01
349.18 0.41 30 352.75 1.08 28 349.04 0.21 30 348.33 0.05 18 1987-12-01
350.36 0.34 29 355.05 1.33 30 349.49 0.31 31 348.15 0.13 30 1988-01-01
351.71 0.58 27 356.5 0.9 29 349.86 0.33 27 348.09 0.1 28 1988-02-01
352.23 0.7 30 356.56 0.65 31 350.01 0.98 27 348.17 0.15 31 1988-03-01
353.66 0.55 30 357.47 0.41 30 350.86 1.53 30 348.38 0.1 22 1988-04-01
354.18 0.34 31 356.75 0.81 31 349.86 1.12 27 348.4 0.11 31 1988-05-01
353.66 0.43 29 355.3 1.16 30 349.74 0.55 30 348.63 0.1 30 1988-06-01
352.59 0.57 30 348.71 2.2 23 350.06 0.43 31 349.03 0.22 31 1988-07-01
350.73 0.51 27 343.2 1.38 28 350.15 0.32 31 349.52 0.16 31 1988-08-01
349.04 0.36 29 345.54 1.59 23 349.76 0.19 30 349.83 0.14 30 1988-09-01
349.08 0.39 31 350.72 1.68 30 350.12 0.26 31 349.93 0.08 31 1988-10-01
350.19 0.35 27 354.5 1.74 28 350.6 0.24 30 349.84 0.14 27 1988-11-01
351.43 0.65 30 358.04 0.95 24 351.16 0.33 31 349.68 0.12 28 1988-12-01
352.89 0.47 31 361.06 1.47 18 351.55 0.25 31 349.85 0.05 23 1989-01-01
353.24 0.43 28 358.49 1.73 24 351.88 0.27 28 349.84 0.06 28 1989-02-01
353.81 0.66 30 359.58 0.96 26 351.69 0.75 31 349.78 0.06 31 1989-03-01
355.59 0.77 30 359.65 0.45 30 351.59 0.69 16 349.89 0.04 30 1989-04-01
355.89 0.37 31 359.14 0.36 31 351.91 0.7 30 350.11 0.12 31 1989-05-01
355.3 0.44 30 357.6 1.52 28 351.05 0.55 29 350.41 0.08 30 1989-06-01
353.98 0.73 31 350.39 2.54 19 351.23 0.45 30 350.78 0.16 31 1989-07-01
351.51 1.26 29 344.52 1.25 29 351.35 0.28 30 351.22 0.14 31 1989-08-01
350.01 0.77 28 346.37 2.81 28 351.27 0.13 30 351.32 0.08 30 1989-09-01
350.3 0.36 30 351.42 1.09 30 351.39 0.23 31 351.38 0.08 31 1989-10-01
351.44 0.43 30 355.27 2.07 14 351.79 0.25 30 351.55 0.19 30 1989-11-01
352.81 0.47 28 358.51 1.08 31 351.8 0.41 31 351.18 0.15 31 1989-12-01
353.8 0.35 30 359.77 0.68 31 352.43 0.36 31 351.04 0.05 15 1990-01-01
354.88 0.52 28 360 0.98 23 353.34 0.28 3 350.76 0.11 23 1990-02-01
355.65 0.48 31 361.54 1.17 30 NA NA 0 350.86 0.11 31 1990-03-01
356.26 0.5 29 361.07 0.32 30 NA NA 0 350.94 0.16 30 1990-04-01
357.29 0.27 30 360.51 0.64 31 352.3 0.34 27 351.37 0.24 30 1990-05-01
356.32 0.6 30 357 2.28 28 353.05 0.4 30 351.79 0.13 30 1990-06-01
354.92 0.84 29 349.79 2.89 26 352.8 0.34 29 352.28 0.15 31 1990-07-01
352.91 0.89 30 346 0.79 30 352.92 0.35 31 352.62 0.12 31 1990-08-01
351.28 0.36 27 346.57 0.79 28 352.98 0.21 28 352.82 0.07 30 1990-09-01
351.59 0.37 31 353.04 3.34 28 352.83 0.16 31 352.87 0.09 31 1990-10-01
353.04 0.5 29 356.51 0.65 27 353.01 0.21 30 352.89 0.11 30 1990-11-01
354.28 0.54 30 359.26 1.54 29 353.52 0.42 31 352.49 0.13 28 1990-12-01
354.86 0.6 29 361.08 1.15 30 354.11 0.24 28 352.42 0.14 31 1991-01-01
355.68 0.54 28 362.31 2.82 24 354.6 0.45 27 352.13 0.24 28 1991-02-01
357.1 0.72 27 361.42 0.65 30 354.45 0.54 31 351.88 0.19 28 1991-03-01
358.51 0.71 30 361.97 0.36 30 353.84 0.64 28 352.09 0.11 30 1991-04-01
359.09 0.42 31 361.68 0.36 31 353.74 0.88 29 352.34 0.17 31 1991-05-01
358.1 0.32 30 359.96 1.15 27 354.07 0.42 29 352.67 0.08 30 1991-06-01
356.15 0.83 29 353.84 2.72 29 354.23 0.3 31 353.08 0.13 31 1991-07-01
353.89 0.88 31 347.38 1.57 26 353.91 0.21 29 353.48 0.06 31 1991-08-01
352.3 0.59 30 348.43 1.45 26 353.75 0.15 30 353.62 0.04 30 1991-09-01
352.32 0.4 31 355.86 4.11 24 353.86 0.12 31 353.64 0.12 31 1991-10-01
353.79 0.27 30 358.45 1.18 29 354.47 0.27 30 353.86 0.06 30 1991-11-01
355.07 0.53 31 360.66 1.35 27 354.9 0.34 31 353.73 0.06 30 1991-12-01
356.18 0.43 30 361.69 0.66 30 354.38 0.52 26 353.45 0.16 31 1992-01-01
356.94 0.52 29 362.33 0.8 29 354.72 0.75 27 353.2 0.22 29 1992-02-01
357.82 0.87 29 362.6 0.37 31 354.92 0.86 31 353.1 0.17 31 1992-03-01
359 0.64 30 362.69 0.31 30 354.77 0.54 28 353.42 0.15 30 1992-04-01
359.55 0.73 31 362.84 0.67 30 354.76 0.35 27 353.79 0.1 31 1992-05-01
359.32 0.76 30 360.61 1.6 30 355.02 0.39 30 354.19 0.17 30 1992-06-01
356.86 1.26 30 353.82 2.37 28 355.59 0.21 30 354.64 0.09 31 1992-07-01
354.93 0.63 30 347.56 1.47 27 355.55 0.32 31 355.02 0.12 31 1992-08-01
352.92 0.83 29 347.95 1.47 30 355.21 0.11 30 355.24 0.09 30 1992-09-01
353.32 0.46 30 353.88 1.41 30 355.3 0.19 31 355.29 0.09 31 1992-10-01
354.27 0.41 30 357.3 1.07 30 355.02 0.13 30 355.12 0.07 30 1992-11-01
355.53 0.59 31 361.06 1.76 30 355.45 0.33 27 354.86 0.09 31 1992-12-01
356.87 0.39 28 362.6 1.25 30 355.49 0.41 28 354.61 0.12 27 1993-01-01
357.27 0.53 28 361.94 0.68 16 355.53 0.71 28 354.39 0.17 28 1993-02-01
358.36 0.55 31 363.57 0 1 356.15 0.45 31 354.23 0.08 31 1993-03-01
359.27 0.57 30 362.6 0.62 30 355.81 0.75 30 354.34 0.04 30 1993-04-01
360.19 0.6 31 363.39 0.64 31 354.89 0.46 31 354.48 0.09 31 1993-05-01
359.52 0.39 30 360.67 1.41 29 355.62 0.27 30 354.76 0.13 30 1993-06-01
357.5 0.93 27 352.07 2.24 27 355.6 0.3 31 355.28 0.13 31 1993-07-01
355.43 0.86 28 348.03 1.07 31 356.27 0.24 30 355.73 0.11 31 1993-08-01
354.06 0.56 26 349.31 1.42 27 355.93 0.18 30 355.96 0.05 30 1993-09-01
354.13 0.35 30 354.33 2.11 29 356.01 0.22 31 355.95 0.06 31 1993-10-01
355.4 0.61 30 358.5 1.39 25 356.34 0.26 30 355.92 0.06 30 1993-11-01
356.84 0.52 31 360.33 0.71 30 356.82 0.21 30 355.7 0.07 31 1993-12-01
358.17 0.32 27 362.04 0.88 31 357.14 0.4 31 355.57 0.09 29 1994-01-01
358.99 0.57 27 363.65 1.59 26 357.47 0.38 25 355.54 0.15 28 1994-02-01
359.92 1.04 30 365.2 0.66 31 357.23 0.68 27 355.58 0.04 31 1994-03-01
361.32 0.54 30 364.44 0.16 30 357.51 0.66 27 355.65 0.05 30 1994-04-01
361.68 0.33 30 364.26 0.41 31 356.91 0.54 27 355.79 0.06 31 1994-05-01
360.8 0.32 30 362.78 1.51 29 357.15 0.63 30 356.07 0.14 30 1994-06-01
359.39 0.54 31 354.95 2.72 29 357.74 0.43 31 356.49 0.18 31 1994-07-01
357.42 0.88 31 349.01 1.3 23 357.47 0.21 31 357.29 0.21 31 1994-08-01
355.63 0.56 30 350.67 1.21 29 357.48 0.15 27 357.68 0.09 30 1994-09-01
356.09 0.44 31 357.63 1.97 25 357.78 0.23 31 357.72 0.08 31 1994-10-01
357.56 0.61 30 360.95 1.78 30 358.31 0.17 30 357.68 0.04 29 1994-11-01
358.87 0.49 31 364.48 0.87 31 358.75 0.26 31 357.55 0.06 30 1994-12-01
359.87 0.31 31 364.67 1.41 29 358.71 0.49 31 357.37 0.1 31 1995-01-01
360.79 0.51 28 366.28 0.86 28 359.51 0.41 27 357.38 0.12 28 1995-02-01
361.76 0.74 30 366.44 0.64 31 359.51 0.46 31 357.57 0.09 31 1995-03-01
363.23 0.53 30 366.85 0.29 29 359.24 0.83 26 357.56 0.08 30 1995-04-01
363.77 0.56 29 365.94 0.39 31 359.64 0.65 28 357.79 0.07 31 1995-05-01
363.22 0.7 30 364.09 0.72 30 359.47 0.53 27 358.03 0.11 30 1995-06-01
361.7 0.65 31 356.89 1.95 27 359.74 0.33 31 358.5 0.22 31 1995-07-01
359.15 0.84 30 351.66 0.9 31 359.51 0.3 29 358.92 0.08 31 1995-08-01
358.11 0.69 30 355.03 4.54 23 359.37 0.17 30 359.24 0.11 30 1995-09-01
357.97 0.39 31 358.24 2.51 27 359.68 0.21 30 359.43 0.06 31 1995-10-01
359.4 0.39 30 363.89 1.32 24 360.1 0.19 11 359.52 0.05 30 1995-11-01
360.63 0.57 30 367.15 1.57 29 360.37 0.23 7 359.54 0.11 31 1995-12-01
362.04 0.27 31 366.74 1.16 28 361.34 0.22 28 359.42 0.09 29 1996-01-01
363.18 0.6 29 367.7 1.05 29 361.57 0.38 29 359.38 0.11 29 1996-02-01
364.17 0.58 31 367.86 0.29 31 361.39 0.5 29 359.34 0.07 31 1996-03-01
364.51 0.39 29 368.18 0.31 30 360.29 0.65 23 359.37 0.05 30 1996-04-01
365.16 0.52 31 369.05 0.68 29 360.96 0.68 17 359.53 0.05 31 1996-05-01
364.93 0.38 30 367.32 1.17 28 361.16 0.66 22 359.75 0.09 30 1996-06-01
363.53 0.61 31 360.3 2.41 19 360.8 0.22 27 360.18 0.16 30 1996-07-01
361.38 0.58 30 355.65 1.25 30 360.93 0.33 31 360.59 0.11 31 1996-08-01
359.59 0.83 28 354.08 1.28 27 360.81 0.22 29 360.71 0.03 30 1996-09-01
359.54 0.28 31 361.87 2.35 27 360.92 0.19 20 360.76 0.06 29 1996-10-01
360.84 0.52 30 364.25 1.57 28 361.38 0.19 27 360.76 0.04 29 1996-11-01
362.18 0.45 31 366.76 1.09 31 361.82 0.27 30 360.74 0.06 25 1996-12-01
363.04 0.33 31 369.54 2 29 362 0.56 27 360.6 0.09 21 1997-01-01
364.09 0.67 28 369.19 0.87 28 362.3 0.43 22 360.44 0.1 28 1997-02-01
364.47 0.67 31 368.76 0.64 31 362.52 1.05 29 360.48 0.09 31 1997-03-01
366.25 0.45 29 369.5 0.56 30 361.88 0.57 29 360.73 0.07 30 1997-04-01
366.7 0.36 30 369.41 0.3 30 361.29 0.31 21 360.89 0.09 29 1997-05-01
365.55 0.41 28 367.21 2.09 27 361.35 0.19 28 361.24 0.13 30 1997-06-01
364.32 0.56 26 359.46 3.07 28 362.13 0.28 27 361.54 0.12 29 1997-07-01
362.25 0.92 27 353.66 0.64 27 362.1 0.24 28 361.86 0.15 31 1997-08-01
360.33 0.76 29 356.93 1.64 28 362.12 0.09 6 362.19 0.05 30 1997-09-01
360.71 0.46 31 362 1.52 30 NA NA 0 362.27 0.1 28 1997-10-01
362.42 0.55 29 366.91 1.09 21 363.2 0.31 7 362.39 0.05 30 1997-11-01
364.33 0.51 31 368.16 1.48 30 363.42 0.34 20 362.41 0.07 30 1997-12-01
365.17 0.29 30 369.66 0.63 31 363.88 0.45 18 362.34 0.2 31 1998-01-01
365.98 0.7 27 370.52 0.69 28 363.47 0.43 15 362.46 0.13 28 1998-02-01
367.13 0.79 31 370.82 0.68 31 363.49 0.24 14 362.53 0.09 31 1998-03-01
368.61 0.54 30 371.51 0.51 30 363.19 0.15 16 362.85 0.08 30 1998-04-01
369.49 0.66 30 371.57 0.44 31 NA NA 0 363.18 0.15 31 1998-05-01
368.95 0.42 30 369.43 1.6 29 NA NA 0 363.68 0.14 30 1998-06-01
367.73 0.29 30 361.71 2.65 30 365.04 0.2 12 364.17 0.2 31 1998-07-01
365.79 1.03 31 357.17 1.1 26 365.1 0.21 30 364.78 0.15 30 1998-08-01
364 0.51 29 361.48 3.17 29 365.2 0.16 30 365.09 0.07 30 1998-09-01
364.35 0.25 31 366.17 2.26 27 365.38 0.24 30 365.14 0.04 31 1998-10-01
365.5 0.44 23 369.63 0.79 30 365.99 0.23 30 365.15 0.07 26 1998-11-01
367.16 0.39 26 373.31 1.58 29 366.41 0.34 30 365.08 0.07 31 1998-12-01
368.09 0.58 27 374.25 0.99 29 366.79 0.47 30 365.03 0.11 31 1999-01-01
368.97 0.42 23 373.81 0.52 27 367.19 0.67 27 364.94 0.09 28 1999-02-01
369.59 1.15 25 374.28 0.39 31 366.35 0.49 30 364.85 0.06 31 1999-03-01
370.96 0.67 30 374.83 0.32 30 366.89 0.76 28 365.02 0.04 30 1999-04-01
370.77 0.53 30 375.04 0.32 30 366.77 0.93 27 365.23 0.08 31 1999-05-01
370.33 0.54 30 372.5 1.58 30 367.93 0.14 5 365.55 0.07 30 1999-06-01
369.26 0.97 30 363 1.61 30 367.27 0.31 18 365.88 0.11 31 1999-07-01
366.83 0.66 30 356.85 1.92 24 367.32 0.21 31 366.27 0.13 31 1999-08-01
364.92 0.52 28 359.58 1.45 28 366.76 0.25 30 366.53 0.05 29 1999-09-01
365.35 0.38 31 365.08 1.94 30 367 0.2 30 366.66 0.1 31 1999-10-01
366.67 0.49 29 370.58 1.16 29 367.36 0.23 30 366.77 0.03 30 1999-11-01
368.07 0.43 29 372.72 1.38 31 367.72 0.26 30 366.69 0.09 31 1999-12-01
369.23 0.62 27 374.95 0.91 26 368.42 0.19 29 366.53 0.09 31 2000-01-01
369.54 0.37 23 376.46 1.04 22 368.18 0.52 23 366.37 0.08 24 2000-02-01
370.56 0.53 31 374.71 0.55 31 368.66 0.71 23 366.29 0.04 23 2000-03-01
371.82 0.48 29 375.6 0.46 26 368.19 0.83 30 366.36 0.06 30 2000-04-01
371.51 0.51 29 376.06 0.34 29 367.77 0.77 27 366.48 0.08 31 2000-05-01
371.72 0.29 29 372.56 2.64 29 367.49 0.61 27 366.78 0.15 30 2000-06-01
369.91 0.53 28 366.24 2.84 25 368.29 0.6 31 367.22 0.14 31 2000-07-01
368.25 0.62 28 361.08 1.48 25 368.55 0.33 30 367.71 0.14 29 2000-08-01
366.91 0.46 30 363.26 1.87 28 368.4 0.22 28 367.91 0.09 30 2000-09-01
366.99 0.46 31 368.93 1.94 28 369.08 0.22 26 367.92 0.05 31 2000-10-01
368.33 0.29 25 371.2 1.33 29 369.44 0.27 28 367.84 0.07 30 2000-11-01
369.69 0.3 30 373.12 1.21 27 369.3 0.54 23 368.08 0.14 31 2000-12-01
370.52 0.6 29 375.84 1.55 29 369.54 0.27 29 367.93 0.13 31 2001-01-01
371.49 0.45 28 376.66 0.51 28 369.92 0.6 28 367.64 0.08 28 2001-02-01
372.5 0.32 29 376.49 0.44 31 369.91 0.61 30 367.57 0.06 30 2001-03-01
373.37 0.63 30 377.66 0.61 28 369.43 0.71 28 367.84 0.11 30 2001-04-01
373.82 0.32 25 377.61 0.35 31 368.53 0.39 29 368.1 0.09 31 2001-05-01
373.14 0.34 28 375.37 2.03 27 369.79 0.59 30 368.36 0.09 30 2001-06-01
371.58 0.65 30 367.92 2.87 27 370.31 0.63 31 368.79 0.19 31 2001-07-01
369.6 0.48 30 361.11 1.11 27 369.99 0.39 31 369.29 0.15 31 2001-08-01
368.16 0.5 30 363.64 1.54 24 369.82 0.17 30 369.62 0.11 30 2001-09-01
368.42 0.46 31 368.77 1.42 29 369.93 0.27 31 369.87 0.09 31 2001-10-01
369.71 0.57 27 374.02 1.06 28 370.23 0.2 30 369.91 0.05 30 2001-11-01
371.18 0.41 31 376.31 0.93 31 370.54 0.35 30 369.71 0.09 28 2001-12-01
372.43 0.41 29 378.09 1.4 28 371.03 0.23 31 369.57 0.08 31 2002-01-01
373.14 0.74 27 377.75 0.72 25 371.5 0.52 27 369.48 0.09 27 2002-02-01
373.89 0.45 27 378.41 0.48 30 372.76 0.68 28 369.52 0.09 31 2002-03-01
375 0.69 30 379.24 0.26 27 372.17 0.59 30 369.78 0.06 30 2002-04-01
375.65 0.55 31 379.29 0.6 27 370.96 0.56 21 370.04 0.11 31 2002-05-01
375.5 0.47 30 376.24 1.3 29 371.26 0.25 30 370.44 0.11 30 2002-06-01
374 0.8 31 370.2 3.38 28 371.98 0.54 31 370.94 0.14 31 2002-07-01
371.83 1.05 31 362.84 1.09 30 372.1 0.42 31 371.46 0.19 30 2002-08-01
370.65 0.67 29 366.17 1.64 21 372.03 0.17 30 371.89 0.11 29 2002-09-01
370.51 0.67 31 368.92 0.59 7 372.3 0.19 31 372.06 0.03 31 2002-10-01
372.2 0.52 30 NA NA 0 372.99 0.2 30 372.02 0.02 30 2002-11-01
373.71 0.64 30 378.63 1.37 17 373.07 0.25 31 371.9 0.07 30 2002-12-01
374.87 0.46 31 378.93 0.66 31 373.81 0.47 31 371.98 0.07 31 2003-01-01
375.61 0.64 27 380.58 0.69 25 373.58 0.86 21 371.89 0.22 28 2003-02-01
376.48 0.57 31 381.31 0.56 31 374.38 0.38 28 371.99 0.16 31 2003-03-01
377.73 0.75 27 382.03 0.54 29 373.74 0.74 27 372.14 0.11 30 2003-04-01
378.5 0.78 31 382.1 0.41 31 373.42 0.31 31 372.47 0.1 31 2003-05-01
378.17 0.36 29 380.35 1.5 30 373.32 0.33 30 372.8 0.13 29 2003-06-01
376.72 0.64 28 372.14 2.18 13 374.07 0.48 31 373.24 0.16 31 2003-07-01
374.47 0.84 26 367.41 0.79 28 374.46 0.38 30 373.81 0.2 31 2003-08-01
373.16 0.32 28 368.93 2.11 23 374.25 0.27 30 374.11 0.04 30 2003-09-01
373.1 0.38 30 373.62 2.16 30 374.34 0.22 31 374.13 0.06 31 2003-10-01
374.72 0.61 25 378.72 1.41 27 374.67 0.27 29 374.01 0.05 30 2003-11-01
375.92 0.47 30 381.35 0.63 30 375.21 0.16 31 374.01 0.05 28 2003-12-01
377 0.69 31 382.2 0.92 29 375.33 0.57 22 374.05 0.1 22 2004-01-01
377.89 0.73 27 383.29 1.15 16 375.91 0.49 29 373.86 0.16 29 2004-02-01
378.74 0.76 30 382.41 0.48 31 376.29 0.58 26 374.06 0.12 31 2004-03-01
380.43 0.59 29 383.67 0.58 30 375.8 1.03 27 374.19 0.11 30 2004-04-01
380.63 0.52 28 383.95 0.48 27 375.51 0.33 31 374.39 0.09 31 2004-05-01
379.6 0.47 26 379.83 3.17 25 376.06 0.61 17 374.76 0.11 30 2004-06-01
377.56 0.9 28 373.44 2.46 24 376.21 0.45 29 375.07 0.12 31 2004-07-01
376.41 0.44 19 367.46 1.71 23 376.49 0.28 31 375.58 0.1 31 2004-08-01
374.19 0.27 16 369.37 1.69 29 375.95 0.19 30 375.74 0.08 30 2004-09-01
374.44 0.44 31 376.39 4.55 28 376.02 0.17 31 375.72 0.06 31 2004-10-01
375.93 0.61 27 379.77 1.52 25 376.37 0.23 30 375.68 0.08 30 2004-11-01
377.45 0.37 31 382.13 1.29 31 376.89 0.26 31 375.65 0.08 31 2004-12-01
378.47 0.37 31 384.94 1.71 31 377.55 0.36 30 375.61 0.09 28 2005-01-01
379.76 0.54 27 385.33 0.79 23 376.88 0.76 20 375.25 0.18 26 2005-02-01
381.15 1 27 384.8 0.52 31 378.03 0.59 29 375.44 0.1 31 2005-03-01
382.2 0.46 30 385.75 0.36 29 377.75 0.79 30 375.62 0.12 30 2005-04-01
382.47 0.6 31 385.19 0.52 30 377.2 0.77 31 376.06 0.15 31 2005-05-01
382.2 0.49 30 383.4 2.08 28 378.06 0.53 30 376.58 0.15 30 2005-06-01
380.77 0.51 30 376.17 3.25 29 378.17 0.61 30 377.09 0.15 31 2005-07-01
378.72 0.82 30 370.02 0.84 25 378.29 0.32 31 377.61 0.11 31 2005-08-01
376.66 0.63 30 371.73 1.65 29 378.22 0.19 30 377.88 0.07 30 2005-09-01
376.81 0.36 14 377.99 2.64 28 378.36 0.15 31 377.96 0.05 31 2005-10-01
378.32 0.51 24 381.67 1.52 30 378.81 0.23 29 377.91 0.03 28 2005-11-01
379.91 0.53 29 385.5 0.52 31 379.28 0.3 30 377.91 0.04 31 2005-12-01
381.38 0.27 26 386.31 0.81 31 379.92 0.45 30 377.92 0.1 31 2006-01-01
382.18 0.47 25 386.43 0.32 27 380.77 0.36 28 377.65 0.09 28 2006-02-01
382.67 0.43 30 387.51 0.59 30 379.76 0.39 31 377.8 0.12 31 2006-03-01
384.78 0.34 27 387.49 0.31 30 379.7 0.73 30 377.91 0.1 30 2006-04-01
384.98 0.46 29 388.62 0.89 29 379.91 1.08 30 378.17 0.06 31 2006-05-01
384.1 0.47 29 385.93 2.42 29 379.49 0.73 30 378.41 0.06 30 2006-06-01
382.36 0.63 27 378.74 4.14 30 379.92 0.69 31 378.76 0.15 31 2006-07-01
380.43 0.71 28 372.41 1.32 29 379.57 0.36 30 379.23 0.12 31 2006-08-01
378.91 0.31 29 374.71 2 23 379.67 0.13 30 379.48 0.08 30 2006-09-01
379.12 0.43 25 380.48 2.89 24 379.71 0.19 31 379.59 0.04 30 2006-10-01
380.18 0.66 30 384.79 1.68 25 380.28 0.31 30 379.55 0.03 29 2006-11-01
381.79 0.51 31 387.69 1.32 28 380.81 0.41 31 379.56 0.06 31 2006-12-01
382.93 0.99 23 389.12 0.81 31 380.83 0.42 30 379.51 0.1 14 2007-01-01
383.79 0.7 21 388.92 0.52 28 382.02 0.42 28 379.48 0.1 28 2007-02-01
384.56 0.84 31 390.17 0.6 31 382.3 0.6 29 379.47 0.09 31 2007-03-01
386.41 0.78 28 390.18 0.32 30 381.97 0.64 29 379.81 0.09 30 2007-04-01
386.58 0.5 31 389.71 0.43 31 382.13 0.7 31 380.13 0.09 31 2007-05-01
386.05 0.75 30 386.93 1.45 29 381.91 0.51 30 380.48 0.1 30 2007-06-01
384.49 0.74 31 378.02 3.27 29 382.18 0.55 31 380.89 0.16 31 2007-07-01
381.97 0.67 30 374.15 1.43 29 382.01 0.24 31 381.32 0.12 31 2007-08-01
380.89 0.46 25 376.43 1.78 22 381.93 0.28 29 381.67 0.09 30 2007-09-01
381.14 0.34 30 381.02 2.47 29 382.19 0.14 31 381.8 0.04 31 2007-10-01
382.42 0.47 30 385.79 1.8 29 382.67 0.14 29 381.81 0.05 29 2007-11-01
383.95 0.36 28 389.06 1.18 30 382.99 0.33 31 381.82 0.07 31 2007-12-01
385.44 0.82 31 390.94 1.1 25 383.99 0.38 29 381.78 0.08 31 2008-01-01
385.74 0.53 28 392.69 0.51 29 383.67 0.56 29 381.74 0.08 29 2008-02-01
385.95 0.67 30 392.65 0.76 31 383.57 0.51 31 381.88 0.08 31 2008-03-01
387.16 1 28 393.02 0.44 30 383.29 0.64 30 381.99 0.06 30 2008-04-01
388.5 0.69 26 392.67 0.33 31 383.84 0.69 31 382.09 0.06 31 2008-05-01
388 0.53 24 389.37 2.08 26 383.92 0.68 30 382.39 0.13 30 2008-06-01
385.71 0.59 10 382.62 1.69 24 383.48 0.55 31 382.94 0.18 31 2008-07-01
384.17 0.77 28 375.68 1 11 383.59 0.27 31 383.34 0.1 31 2008-08-01
383.09 0.4 30 377.64 1.65 30 383.64 0.26 29 383.59 0.08 30 2008-09-01
382.92 0.3 24 382.42 2.24 25 383.86 0.13 31 383.7 0.06 31 2008-10-01
384.15 0.32 29 388.19 2.04 29 384.31 0.19 30 383.63 0.09 30 2008-11-01
385.54 0.44 30 391.01 1.19 26 385.04 0.27 31 383.5 0.09 31 2008-12-01
386.94 0.5 31 392.86 1.13 31 385.58 0.5 31 383.49 0.18 31 2009-01-01
387.42 0.62 28 393.06 0.99 26 385.36 0.39 28 383.29 0.11 28 2009-02-01
388.76 0.48 30 393.3 0.54 31 385.89 0.81 31 383.31 0.11 31 2009-03-01
389.43 0.68 28 394.42 0.51 30 385.23 0.91 29 383.46 0.07 28 2009-04-01
390.19 0.45 31 394 0.37 31 385.12 0.81 30 383.64 0.08 31 2009-05-01
389.46 0.79 29 391.18 1.48 28 384.68 0.67 29 383.91 0.12 30 2009-06-01
387.78 0.76 30 383.21 3.62 26 385.54 0.41 30 384.31 0.11 31 2009-07-01
385.94 0.85 30 376.17 0.94 29 385.56 0.52 31 384.7 0.13 31 2009-08-01
384.79 0.5 27 378.3 1.57 29 385.54 0.31 29 385.02 0.08 30 2009-09-01
384.39 0.57 31 383.85 3.3 20 385.61 0.17 22 385.19 0.05 31 2009-10-01
386 0.55 30 387.41 1.58 28 385.92 0.18 30 385.19 0.04 27 2009-11-01
387.27 0.61 21 391.46 0.55 29 386.19 0.32 31 385.13 0.04 31 2009-12-01
388.52 0.62 28 393.52 1.17 30 386.96 0.47 30 385.07 0.14 31 2010-01-01
389.94 0.98 25 394.09 0.47 28 386.6 0.93 25 384.72 0.25 28 2010-02-01
391.07 0.73 28 394.37 0.81 31 386.92 0.51 26 384.77 0.21 31 2010-03-01
392.54 0.96 28 395.8 0.7 30 387.39 0.26 8 384.89 0.09 30 2010-04-01
393.04 0.51 30 395.29 0.44 31 NA NA 0 385.2 0.15 31 2010-05-01
392.15 0.82 29 392.5 1.63 29 387.15 0.32 6 385.68 0.2 30 2010-06-01
390.22 0.52 31 384.89 3.52 25 387.45 0.37 29 386.33 0.23 31 2010-07-01
388.26 0.76 31 379.91 1.03 26 387.65 0.24 31 387.04 0.2 31 2010-08-01
386.83 0.56 30 383 1.53 24 387.49 0.15 30 387.36 0.05 30 2010-09-01
387.2 0.44 31 387.48 1.82 31 387.79 0.25 30 387.44 0.04 31 2010-10-01
388.65 0.68 30 392.26 2.2 27 388.3 0.31 21 387.44 0.06 30 2010-11-01
389.73 0.36 31 396.74 1.09 30 388.83 0.24 27 387.32 0.1 31 2010-12-01
391.24 0.75 29 398.58 2.02 25 389.56 0.46 26 387.22 0.18 31 2011-01-01
391.82 0.43 28 397.36 0.75 27 389.24 0.52 27 387.01 0.28 28 2011-02-01
392.49 1.03 30 397.77 0.38 31 389.27 0.16 2 386.91 0.13 31 2011-03-01
393.32 0.59 28 398.49 0.29 26 NA NA 0 387.06 0.08 30 2011-04-01
394.21 0.9 31 398.23 0.76 24 388.66 0.46 8 387.32 0.1 31 2011-05-01
393.68 0.44 28 394.68 1.81 29 388.89 0.41 23 387.57 0.09 30 2011-06-01
392.42 0.94 31 386.39 3.96 21 389.35 0.32 26 388.02 0.19 31 2011-07-01
390.23 0.69 29 380.4 0.82 29 389.68 0.57 31 388.54 0.12 31 2011-08-01
389.02 0.35 28 383.68 1.56 29 389.78 0.14 26 388.89 0.07 30 2011-09-01
388.96 0.27 31 389.06 1.3 28 389.91 0.37 24 389.1 0.03 31 2011-10-01
390.24 0.5 29 395.1 2.84 26 390.34 0.16 29 389.13 0.1 30 2011-11-01
391.82 0.48 30 397.59 1.03 29 390.7 0.38 23 389.08 0.16 31 2011-12-01
393.12 0.64 30 399.61 1.02 30 391.02 0.78 31 388.94 0.12 31 2012-01-01
393.62 0.99 27 399.01 0.63 29 391.75 0.34 29 388.55 0.29 29 2012-02-01
394.45 0.79 31 399.15 0.39 31 391.61 0.9 27 388.77 0.09 31 2012-03-01
396.18 0.61 30 400.01 0.39 30 391.18 0.6 23 389 0.08 30 2012-04-01
396.78 0.45 31 400.44 0.86 28 390.7 1.02 13 389.25 0.13 31 2012-05-01
395.83 0.44 28 396.38 2.67 27 390.89 0.58 29 389.61 0.17 30 2012-06-01
394.29 0.55 29 386.8 4.11 26 391.13 0.47 19 390.24 0.18 31 2012-07-01
392.41 0.8 31 382.91 2.38 26 391.48 0.16 17 390.91 0.19 31 2012-08-01
391.07 0.51 29 384.95 2.09 26 391.44 0.19 29 391.3 0.06 30 2012-09-01
391.01 0.29 30 392.3 2.71 22 391.85 0.24 31 391.37 0.06 31 2012-10-01
392.79 0.78 29 397.82 1.78 24 392.63 0.26 21 391.34 0.05 30 2012-11-01
394.3 0.45 30 399.9 0.72 26 393.12 0.45 16 391.45 0.06 31 2012-12-01
395.54 0.5 31 399.86 0.45 30 393.65 0.87 31 391.37 0.11 31 2013-01-01
396.8 0.44 28 402.39 1.24 27 393.99 0.9 26 391.34 0.11 25 2013-02-01
397.33 0.68 30 401.9 0.51 31 394.22 0.37 30 391.38 0.11 31 2013-03-01
398.34 0.81 26 402.35 0.64 30 394.17 0.84 12 391.8 0.16 30 2013-04-01
399.76 0.3 31 403.11 0.48 31 393.99 0.95 30 392.24 0.14 31 2013-05-01
398.63 0.5 27 399.6 2.75 29 393.92 0.5 30 392.65 0.18 30 2013-06-01
397.18 0.74 28 390.64 4.05 28 394.38 0.77 31 393.2 0.17 31 2013-07-01
395.15 0.83 31 387.24 0.95 31 394.54 0.34 31 393.75 0.12 31 2013-08-01
393.51 0.4 28 389.28 2.17 29 394.36 0.31 30 394 0.06 30 2013-09-01
393.66 0.37 30 395.61 3.88 22 394.45 0.27 29 394.02 0.03 31 2013-10-01
395.11 0.69 30 400.1 1.16 30 394.79 0.25 29 393.98 0.06 26 2013-11-01
396.81 0.63 31 403.4 1.67 29 395.38 0.34 31 393.95 0.1 31 2013-12-01
397.81 0.45 31 402.14 0.7 30 396.37 0.28 29 393.89 0.1 31 2014-01-01
397.92 0.34 27 404.69 0.84 28 396.33 0.78 26 393.64 0.12 28 2014-02-01
399.65 1.02 28 404.69 0.46 31 396.12 1.1 29 393.69 0.09 31 2014-03-01
401.34 0.5 30 405.07 0.58 30 395.29 0.47 28 393.84 0.1 30 2014-04-01
401.88 0.52 25 405.26 0.5 31 395.3 0.56 29 394.22 0.15 31 2014-05-01
401.2 0.51 30 402.78 1.42 29 395.67 0.74 30 394.54 0.1 30 2014-06-01
399.04 0.9 31 395.02 1.76 27 396.57 0.67 31 395.01 0.17 31 2014-07-01
397.01 0.53 25 388.62 1.41 28 396.38 0.59 29 395.52 0.12 31 2014-08-01
395.34 0.6 28 389.44 1.46 27 396.02 0.18 30 395.87 0.09 30 2014-09-01
395.93 0.67 26 394.62 2.06 28 396.3 0.2 31 395.96 0.03 31 2014-10-01
397.28 0.58 29 401.41 2.41 28 396.74 0.31 27 395.9 0.03 30 2014-11-01
398.86 0.48 30 404.35 1.69 30 396.96 0.46 31 395.79 0.05 31 2014-12-01
399.98 0.53 30 405.39 0.82 29 398.29 0.43 16 395.79 0.13 31 2015-01-01
400.28 0.6 27 407.3 1.47 28 398.22 0.42 28 395.79 0.13 28 2015-02-01
401.57 1.03 24 406.98 0.46 30 398.4 0.84 24 395.84 0.12 31 2015-03-01
403.31 0.91 27 407.24 0.46 30 397.97 0.6 30 396.16 0.13 30 2015-04-01
403.95 0.33 30 407.11 0.52 30 397.39 0.47 29 396.64 0.19 31 2015-05-01
402.8 0.59 28 402.87 2.7 29 397.71 0.3 30 397.03 0.09 30 2015-06-01
401.27 0.86 23 394.79 2.33 29 397.94 0.33 31 397.45 0.18 31 2015-07-01
398.89 0.6 28 390.28 1.31 30 398.36 0.19 27 398.01 0.21 31 2015-08-01
397.63 0.54 25 392.31 1.9 30 398.49 0.18 17 398.4 0.04 30 2015-09-01
398.3 0.56 28 397.17 1.75 30 398.65 0.26 31 398.36 0.07 31 2015-10-01
400.18 0.96 27 404.16 2.1 30 399.24 0.35 21 398.54 0.1 30 2015-11-01
401.86 0.91 30 407.4 1.32 31 400.08 0.59 29 398.54 0.08 31 2015-12-01
